10002062
10003742
5845492
778057
1002351
8943
10955592
14132591
14254343
14458280
14460241
14460250
14641516
14642622
14872367
14872404
14872643
14874125
15107551
15108422
15108484
15328881
15329368
15329848
15921959
15922214
15922433
15922687
15922892
15923226
16187097
4719781
5563002
6494232
11277292
11277572
13006932
257593
12122202
798277
6384852
6385432
13264792
14022672
14026372
14203530
14328339
14329764
14329880
14541533
14720434
14721673
14991920
14992195
14992326
14992591
14992840
15211869
15212187
15212604
15212700
15213963
15486485
15794057
11435642
6132422
8782492
16023076
16024323
16025112
16025497
16025963
16026138
14740219
14388508
14389177
14389212
14390109
10774652
10774952
12377992
12378512
16293980
16294086
16294264
16294792
16295454
16296559
16296569
5943942
2285051
13680802
13684972
13687792
813286
9860432
14089276
14783335
14783875
14784588
14784765
14784903
15859570
15859984
15861230
1691181
12803352
12804312
12804422
53
13371132
13372712
14287139
14287669
6782762
11621822
11626312
11628
5654892
5655852
7134672
7503162
9330602
9330802
9330912
9334352
10869022
13087382
13829772
14063192
14063426
14103167
14165101
14219877
14220688
14352556
14353202
14353392
14412710
14412820
14502233
14502789
14597434
14839147
14839449
14840013
14930764
14932084
15055852
15056351
15057943
15058266
15141042
15141942
15142076
15143478
15395602
15397600
15398780
15441074
15441117
15442630
15693493
15693765
15694286
15652456
15652540
15654094
15655511
15656004
15950681
15952700
15952856
15953043
15709367
15738599
16091981
16092768
16093222
16093275
16093478
16228479
16319594
19709510
465973
6330492
6448082
654183
654203
763756
7744592
7745002
7912832
8071052
8071902
8880632
8882
9057302
9599952
9600002
9601512
1183041
12003092
12004852
1222001
16135207
16135868
3471
5893702
6982052
6982552
7413762
10113082
11035132
11036
11178902
15827690
15827747
15828014
15828023
7831092
783214
11440412
13925952
13929092
14313895
14574763
14575014
14575107
14576730
14963189
14963191
14967032
15288330
15288851
15289426
15289496
15289509
15996830
15997531
15998669
755346
8168562
622113
622123
622133
9270142
8467012
13170
13172382
14138300
14138333
14138494
14138785
14181214
14181505
14181577
14236207
14236327
14236527
14236807
14236874
14236977
14274226
14274452
14274516
14275129
14275291
14434407
14434647
14435335
14435486
14476016
14476022
14476031
14477723
14478427
14227857
14619744
14620190
14620544
14620853
14621024
14763734
14764240
14815260
14815420
15015082
15017311
15076680
15076744
15078495
15169907
15170258
15362680
15578518
15578992
15579360
15579590
15580688
15580900
15581283
15581660
15743952
15743987
15745368
15896379
15897147
16254749
16255532
16256339
18749677
18750157
18750397
18750741
262703
3328631
4779511
5734262
5734902
6114012
6287562
7102192
823905
9151052
10462602
10823582
10823882
11694252
11694302
11695472
12283282
13752782
13753642
14896561
29470441
29471045
29471556
29471630
29475193
3222731
5971922
5973812
7163332
6332052
7243532
771528
771629
11515232
13426312
14115415
14115698
14365306
14365353
14365402
15461733
15462819
7668522
7668952
6854382
685513
6856862
12532332
13038102
13524182
6347872
6741632
7394542
7480212
7806312
7940892
809760
840071
8402772
5513002
6577642
7532872
9379912
10723262
14075666
14075746
14075928
14076329
14149932
14150661
14301473
14301731
14302013
14302914
14302934
14341978
14342003
14342113
14342384
14342411
14342564
14528221
14528874
14529013
14663955
15123067
15123318
15124442
15301503
15301614
15302201
15500649
15501305
1859811
18755291
6419332
10330232
10330662
11771512
14855692
14855950
14855994
14856348
14856507
14856951
15936527
15938207
15938350
5374
12857862
12859772
3122211
9294762
9972662
12738892
6312362
6825792
7845842
7846
8188832
6467332
13224032
13884162
14097145
14400622
14401149
14401607
14401698
14402113
14559441
14559745
14561418
14708814
14709647
14748220
14749383
15033883
15034077
15670461
15670515
15672615
15672869
15971748
15973392
15976044
16051471
9569062
9570452
957101
7219962
11145602
14584903
14585010
14585176
14585252
14585409
14585679
14802224
14803372
15241033
15416505
15545122
15546192
15814350
15815674
15816595
6020612
6021982
16209123
16209720
9519722
10653662
7117962
711803
7563792
8330472
7901142
790715
871551
9240932
9204502
9245812
9276282
13340662
16108625
16110427
16111224
16111284
3684431
3704391
5817822
6201382
6521702
6523702
7174
7344882
7434542
7436592
8050862
805124
8963
11653502
12553672
13727692
14189112
14190551
14191254
14212278
14213549
13951532
14246502
14246806
14266598
14321470
14321767
14321959
14323032
14323107
14607838
14608893
14609435
14943276
15155762
15229944
15230926
15232098
15348883
15349653
15349721
15378041
15638451
15638615
15639026
15639096
15722895
15723281
15723290
15723895
15723971
15765112
15765156
15766082
15841823
15841959
15842183
15842473
15842676
15870978
16127590
4736801
5715682
5715752
5716242
5717402
688583
10427162
11866582
12449542
14486954
29420301
29420950
5580572
851211
8813332
8861182
8861752
8865742
12636502
12637732
6270232
14774228
14774366
14774443
14775782
14912751
14913822
14914257
15603872
16008484
16009072
16009228
16009851
1776671
4828
5327622
3888351
14082569
14083026
14083041
14083693
14173315
14173438
14173443
14174449
14294276
14294400
14630443
14630490
14631115
14631299
14682451
15091877
15093629
15094180
16304290
16305558
5020501
624413
765001
7650242
7650412
795663
9629222
16339799
16340404
16340501
10211232
12512542
12513132
12513472
2049211
14110067
15000492
15002138
15002386
15002620
15003150
15003599
15003744
16173435
16175706
16272293
16273541
16273831
16274023
16274129
5959342
13058772
14445775
14446858
14982315
14982804
14982842
4621821
5774512
5776022
6372882
9360352
11347122
12831882
12834662
12944312
6761682
676173
6763102
762267
7819102
7820872
14305560
14305608
14306125
14516324
14516920
14517467
14830116
14830213
14830349
14831098
14831415
14831512
14849562
6660332
7679392
7682502
10750072
10847832
10848982
10933582
10933632
10933912
11306882
14372486
14374236
14651725
14651892
14652182
14653156
15318242
15318415
15318511
15318561
15319698
5484772
7550252
15910114
15910142
15911028
15911076
15911679
7381772
7383122
14120922
14121542
14121942
6433312
6433472
10080132
10798802
10799192
14143715
14143921
14144312
14144934
14145846
14361155
14361253
14361260
14362404
14362575
14362993
3630411
841791
2065391
11985982
13461662
2087371
8022132
6712152
7278212
9075022
11788182
11794372
12707982
14228245
14281657
14281853
14423603
14424544
14862794
14881608
14881925
15069769
15071293
15071664
15071813
15072369
15683
16241626
16241687
16241871
18734321
18734884
18735213
18736476
3948041
4008771
7521832
7702542
8287732
10028252
10306752
11018442
11939852
1219831
5360012
6809022
9947322
9950542
14336160
14336299
14469137
14470793
14796345
15180395
15180852
15256225
15256445
15256567
15513604
15513682
15514143
15514266
15515169
15515656
15515762
15515919
15563814
15564093
15564815
15565721
16068266
16144449
16145097
16145763
16145985
16146337
1670811
5408262
815994
8161232
9396072
9397732
9398522
11461732
15450114
15450595
15450996
15451591
15453062
1947301
2267241
5242
749333
889731
13112582
13113362
15713489
15715724
866481
10971502
11203972
13653812
13657662
13657922
13658252
14047697
14048901
7794252
7794752
6595672
12098632
4207961
12151482
12152402
14936610
14937320
15666742
15667049
15667291
7033802
13557972
14345759
14346260
15430849
15431854
15431856
15473958
15474416
15474753
11059232
11060982
11061482
1106501
13298072
15203144
15203878
15203904
640893
6409352
1125191
11252182
6300882
6321212
632173
6322192
6322582
14755761
14755879
14756082
14756516
14757934
15116165
16120585
16120753
16120863
16122373
16123107
16124215
16124348
14952077
14952125
14953378
5522362
5523
5625972
6477842
6478872
819606
8314362
8314412
8315692
9587452
9802132
10257342
10671602
13857342
13862172
14068979
14070332
14070792
14070799
14071129
14092803
14093751
14157134
14194620
14380167
14380212
14392427
14392636
14393102
14393309
14394654
14394676
14394691
14566031
14737175
14737500
14737677
14962779
14973943
14808505
14903541
14904469
14905732
15024311
15041634
15042927
15042939
15463610
15485441
15752099
15752314
15754281
15754851
15775275
15778142
15778426
15808218
15808765
15944663
15944875
15945351
15984959
15985455
16040748
16201264
16201453
16201775
16201819
16202455
5908
7334402
7770792
783878
8350382
12872432
12874212
12874852
12880382
13160192
13777542
14106476
6507762
6509832
817113
817900
818155
9763482
14580438
14580657
5571722
5988062
6233632
623453
6235392
7075762
11162772
14259990
14316371
14316842
14317818
14440525
14441010
14441363
14443013
14592411
14671775
14700783
14716342
14716417
14717104
14717197
14717769
14717887
14821998
14823017
14823109
14824064
14824072
14824116
14886552
14887755
15162193
15162905
15163094
15163466
15163993
15164565
15164905
15335534
15336202
15336738
15338256
15369960
15370333
15371352
15612663
15613133
15613458
15645871
15647272
15647353
15647676
15730910
15731368
16215478
16215524
16215647
16215736
16215876
16216034
16216071
16216152
16217727
16217736
16218084
16330790
16330911
16331010
16331756
3801141
50193
5660312
8727232
873141
9367082
9556672
9636632
12615582
12615772
5861282
7401202
7401212
7401722
7402662
15294598
15492359
15493092
7092102
7092852
7230172
15631238
8953122
8814482
8820652
8877352
13361922
13363492
36823
11851232
11853712
11855772
11856032
12986172
14789748
14790012
14790524
14790618
6211972
8067002
806726
5695632
6712502
6716782
699963
8478452
8625032
8625752
9722742
10099732
12044602
12045442
13700862
13896552
14135237
14135426
14135643
14167084
14168296
14175294
14175358
14175375
14175414
14175549
14175873
14117252
14145879
14147645
14185227
14185322
14208474
14209318
14216415
14216661
14240875
14241904
14242243
14250533
14289331
14290195
14291248
14291684
14297863
14297954
14298702
14307764
14406841
14407359
14328066
14482494
14482686
14509754
14510678
14521926
14522294
14534791
14534827
14604442
14604911
14614861
14615273
14615871
14615997
14616384
14641347
14628318
14687813
14689009
14689159
14689197
14767845
14769030
14770906
14778368
14778548
14920785
14922225
14922531
14971048
14972477
14972558
15007149
15007299
15007605
15008600
15010349
15010370
15084853
15084884
15132081
15133318
15133627
15134240
15134277
15148222
15148677
15150116
15221932
15222004
15222806
15224867
15237584
15237665
15237746
15278158
15279429
15279451
15279958
15280016
15820664
15820887
15820958
15821039
15821197
15821497
1585151
15851849
15851872
15962096
15962388
16015051
16016427
16016705
16017475
16017753
10629592
1112421
11897552
14843475
14843692
14844433
14844715
14844867
14845376
16168201
16170115
6337112
8979742
9107942
9907172
10012122
16312576
16313045
16313096
16313600
16314021
10222282
10223072
7141302
7920132
10194052
11424872
13937642
13939772
14085864
14085964
14086764
14086852
14113411
14223203
14224384
14224684
14224719
14225088
14356601
14368659
14369314
14369901
14415941
14416124
14417243
14417563
14417794
14428947
14430371
14430436
14430936
14431327
14464627
14464766
14465084
14465110
14465607
14465652
15098906
15099384
15099721
15312876
15409074
15661356
15661517
15661886
15662133
15677036
15678511
15678931
15679234
15905103
15905925
15931637
15932715
15900167
15912890
15921173
15947602
15950086
15970820
1962711
4386321
5885732
6671642
754363
7544162
754475
754500
7905122
790680
8873182
10382002
10387152
11319582
11953962
12233802
1223661
12408302
12412222
12464442
1269321
12639972
4495161
6108612
8076532
8077072
8077212
11640472
11912362
13276922
14497001
14497313
14497370
14497517
14498484
14498713
16180874
16181713
16182069
16182210
16182734
16183565
16247383
16248319
16249481
29437692
29439987
29440307
29440432
10739112
8774892
8775672
645943
7860902
8501052
14197888
14198277
14326874
14332852
14333754
14333925
14451605
14452313
14453610
14453652
14635601
14637171
14638581
14647281
14647570
14658888
14660086
14750983
14948124
14948349
15198000
15198966
15199432
15324429
15325233
15554922
15572679
15572919
15573126
15573751
15705161
15738602
15739097
15739311
15739855
15741261
15865339
15865878
15865896
15866188
15867443
15989129
15989322
15990436
1600201
16002194
16003760
16078390
16078991
16079505
16080129
16101777
16103690
16284006
16285579
18726047
18726247
18727161
18727283
18728003
18742360
18742667
18744781
18744815
246103
5950272
7662372
7736222
7825922
7827962
8425222
9214222
9668212
10038042
10352422
10377512
11291512
11292622
12524522
12716562
12754162
12758612
12758622
16059894
3952661
989
9890492
9161692
9164672
14098195
15110357
15111886
15112070
15436545
15436731
15437635
810424
8105922
1291831
14231419
14231565
14232693
15446531
15446551
15480616
4400221
11456702
4547141
6751502
16299275
3065101
4358631
7302282
10318
12496
14117374
14117843
14119871
14120151
14851837
14868531
14868608
14868722
14868909
14868910
14869615
15062828
15063486
16115306
16115811
16116288
5438392
544
5684312
9560992
9935752
12785662
12786782
14859642
14859899
14860008
15690410
15691219
14760782
14761739
9409752
9639502
4876061
13838472
15160326
15456999
15457262
15458188
15458197
15458277
15458694
1715051
14283772
15802845
15804392
14382523
14382779
14384576
14385076
15770432
15770447
18759465
18759950
10546262
10877272
14976738
14978043
15249841
15250661
4432431
8602012
9187682
11530262
11531692
15940523
15940909
13382652
13383852
6793772
14726905
14727190
14727959
14729794
14730894
14073364
14073810
14277701
14278608
15420484
15420910
11222
15917909
15918672
13118852
16033602
16033623
16034244
16034275
16034385
5526692
9954252
15382246
15382400
11991832
11994002
11996992
13209572
13785722
13786802
14588912
14589119
14589617
14590651
7015112
8222402
867641
8677002
8678412
9323952
14146356
15519430
15519544
15520241
15520732
1900311
11753522
11755872
12135162
12137172
12319142
12319512
12320482
12321512
12322752
5824442
5824502
5824902
8360552
8360682
15367824
12593052
14986598
14987451
14987956
10242562
15784302
15785683
15786279
15788075
10681662
10682
10683412
10685262
10685542
8010822
1770311
6959082
6964792
14601095
14601185
14601237
15176147
15176362
14677669
14677919
14678067
14678271
14678819
14154188
14154272
5901322
5921162
5943622
13514762
14740227
14740721
14741884
14178909
14179165
14179410
14179819
15876845
6027632
8302582
8303822
16141413
16141831
16142068
16143542
5854732
5370192
7707062
7708032
7709102
681813
14010882
14011502
1674401
15343144
15344145
15344414
15351240
10520082
11489
7270292
15488684
15488968
15489552
15760192
15762575
15762708
15889040
15889135
15889970
15891061
15891449
15891882
15891963
15892162
5637652
5638152
9730472
9732652
9734552
12565012
29406737
1727601
1076
8920902
16346485
16347028
15020415
15021324
15022194
15467371
15467424
15469000
6587
7589572
655093
6556212
621573
6253282
16044997
16045268
16045538
16045547
16045956
16045981
4004901
15261829
15263072
15263106
15264126
16212499
16212685
16212771
14806765
14847675
14857290
15719457
7212562
14344140
14344823
14345123
11883132
13334112
14889378
14891492
14891828
823329
8236062
14123683
14123689
14123751
14124083
14124274
14125476
8519812
8521542
37443
14569869
14570571
6410432
6411962
6412262
6414422
11244662
1619281
16194080
1619501
16195022
3392401
6044272
15585350
15585752
15586033
15586316
1558651
10928562
14160902
15568127
15810778
15811181
15811628
15811637
16222584
16222649
6484382
6487292
1081
10810102
15980113
15981547
15391706
15392102
15392391
18720918
18721034
18721706
18722606
7040302
7227042
14377605
14377870
14378113
14396151
14396748
14397684
14877392
13618402
16127644
16127841
1612811
16129106
16129880
16130017
16130133
16130553
6058852
6059462
6060352
6361512
15307151
15307378
15308015
15308469
15308478
15308643
12952842
15726324
15726609
15727032
5771302
15207668
14263213
14311209
14311308
14669269
14669471
14670721
7429262
8720562
1289321
12895152
14068231
14712676
14713176
14713735
15073044
15073513
2200221
3459051
6206882
6207162
6207762
11337242
14562278
14562287
14563376
14563866
14996251
14996800
1835411
39783
8247952
5400362
5402612
7961342
7965542
16324503
16324990
16325053
16326277
16326882
16229735
16254381
16288448
10297
12647572
14799862
14800270
16012601
16012783
16013053
10142762
16232920
16233170
16234029
16235700
7508262
7508402
7509242
8631152
8632782
12671892
14304170
14304462
14304618
13582562
13583172
13586022
1239671
12397052
12398782
16334041
16334137
16334281
16334824
16336228
8459932
8460572
15598627
15598663
5840962
14061899
14062180
13491312
13493302
13493792
14094741
14094938
14095052
14095559
14095883
14268812
15358303
15358329
15358759
15359362
15359416
11107192
14546946
14548889
9751422
9752902
16267003
16267083
16267310
16268106
48903
14348594
14349480
14349894
51943
10664952
14051568
14051600
15050354
15066271
15108530
15112249
15129265
15131310
15137268
15138087
15138829
621583
621713
14244544
14244977
14245144
2160931
5979022
10644352
14480339
14480405
14480755
14437620
14437711
14437914
14438003
14438560
2097571
9609372
9609582
9609622
9609632
15087011
15087120
15087488
15087965
15088255
15088481
15088915
15089480
806105
806133
14192680
4049251
16084102
16084460
16085409
16086437
11841062
15903326
15904103
2053051
10990282
7389122
20
13254372
7976082
7976822
14707122
14707350
14707666
14707794
15219299
15219730
15219854
15220281
15220473
15220768
15220806
15220948
10451892
8443752
1771351
9130702
13049362
7130402
12341262
12341882
12344732
7996522
799784
7998482
7998822
807095
15399933
15400294
15400645
15401494
15401692
15965971
15966106
15966784
15967436
9112032
9112712
6774282
9830752
9849362
11472
13668082
15166316
15166716
15167364
15167742
12994392
14443524
14444926
14445094
14445538
14957318
14958388
14834302
14834341
15297493
15298836
15856164
15856366
2024961
14612704
14613071
14613514
8973062
8973092
8974082
13141482
13145012
14206115
14206854
928881
928961
9375282
9376172
15994109
15994125
15994406
15994514
15995155
15996661
13564592
10701602
11071292
11382292
15497124
7339132
12078472
12084562
12609292
13352222
13353862
19710137
14900407
14900606
14901411
14902049
5301
7446242
1693811
14238933
14419089
14420767
14420872
14472940
14813149
14813709
14932826
14932848
14933304
14934818
14935145
9544202
9545242
11026952
11028992
11029182
18732388
18733589
5062341
12626962
14513611
14514943
14515589
14515734
14515799
11856142
11856342
11856422
11856892
15635604
9595022
9595362
15275677
15276618
14818196
14819731
15925193
15925760
8163442
15029784
15029825
15949871
707913
7080552
14104027
14104847
16258543
16259251
16259364
16259438
16259455
15748165
15748493
15749452
15749664
15749912
16097522
16098050
16098254
16098642
15650072
1565041
15650816
15650827
15650882
15651634
15040978
15823722
15823826
15823875
15823888
15824288
15826025
3710581
7627832
15697419
15698351
15699001
15699147
15699733
15699801
3987
10842792
15374537
14431600
14431752
14431986
14434063
14907774
14907797
428333
2166681
2180371
12030422
12032122
12034642
13734432
13736942
11662932
11666142
10733192
6892312
6897012
11713422
15838516
15838676
29455588
29456151
29457831
29458079
29460450
8806412
8809082
8809462
86263
8703452
14939371
14939981
14940354
14941452
14941990
14942383
14942445
3819701
14128609
14128693
14130129
16308572
16308919
16308922
16309536
908491
8839632
8841372
8935912
8936082
8937382
3108351
8792192
13688272
13690462
13745852
16029711
16029780
16029841
16029857
15831401
15832179
15819763
15823642
12455302
14840162
14840606
14843057
14827011
15619503
15620342
15622495
12189162
16184358
16184954
16185155
16185326
16185500
14538231
14697575
14697685
7406952
7407282
12794172
12794362
808362
14884180
14884413
14885540
14885549
14885621
14885860
15907183
15907720
16278193
16279105
16279378
16279751
16280045
4630221
16162021
16162682
16163639
16315104
16315985
784304
14780856
14780915
14781077
14782091
15668210
15668875
15669034
15669672
15735744
15735797
15735946
15735970
15736987
15737703
15738278
15738427
15413568
15414356
15414807
6942422
6943022
16055389
16058818
8767832
6473012
6473022
6661522
6663162
14133964
1258111
15453583
15454856
15454871
15454873
667563
9475502
9476932
12369372
14411304
14411725
1712831
10085202
10085872
14324983
14385336
14390187
14394837
14412533
14431416
15569336
15569598
15570138
14691200
14692382
14692503
14693499
6721522
7340442
14622632
13436572
6529402
15119140
15611238
15612167
291
5692432
5692542
6651722
6652032
5751892
7755
7757062
8182002
13162152
14314684
14314709
14315894
14315917
8615262
6975452
6856982
8533902
9207632
12211722
45013
4519121
453963
12925072
14090948
14091091
14092301
14917011
14917151
14919272
14920304
15795888
15796410
15796976
15797311
5380442
6017542
8559592
8736882
8737662
15559134
699433
7111412
10257602
10260682
7347932
7349062
8869532
16005075
16007481
15227791
15228159
15228461
15228835
15229557
14557229
7836282
783732
12326222
11269592
15253498
15254407
15254807
15255734
15284595
15284790
15528561
15529625
15529670
15529726
15530661
15531246
16017986
16017996
16018466
16019070
16019556
16019620
15352657
15353121
15353955
15818068
15818391
15818978
15819208
15819295
14792049
14792263
14792516
14792544
14793686
15012486
15012628
15012873
15013572
15955970
14524378
14524389
14525982
12382582
12432262
7144422
7144882
14218281
15081378
15082486
15083026
15095537
14786217
14786274
14786904
14787423
14787713
14787749
14788128
14789043
6395222
639673
14257229
14257580
14258595
5631612
14946736
14946967
14947001
15679753
15679924
15680097
16288901
16289896
14466538
14466551
14468652
15153783
9690012
10613072
10613562
15235191
15236467
755113
11787672
14531815
12848262
15741883
15742985
13288692
13289662
13283
57233
14404000
14404168
14404725
14404972
812815
8129122
8129662
813039
14213877
14216123
14216203
14166714
14213711
14771337
14771699
14771897
14772605
14772687
14773791
5548772
46023
1168361
14493552
14170855
14172434
10889262
14654943
14655436
14655950
14658057
14658441
15987188
15987295
15987296
15987877
15988784
749863
11902142
11904592
14087654
14088156
14088938
14846834
14847185
14505245
14505838
14506253
14506539
15933690
15933910
15934076
15934372
15934978
15178186
15178410
15179510
15179874
4491811
16171898
5698002
16203795
16204710
10215212
15846407
15846771
7748792
15006174
15006284
15006743
8948242
4012161
10603212
7204752
8856412
77983
7828542
14200904
14202116
14924965
14925700
14926498
14926843
815680
13952602
7944892
15426376
15426668
15426691
15426911
15427879
15428397
15429096
15429316
2007161
817268
8172972
8350912
8756502
14071538
14071659
14072047
14072761
14072907
14072988
14073010
14073022
14089195
14370343
14370613
14370739
14371442
14371600
14372458
14594295
14594475
14594698
14594760
14594813
14594844
14594895
14594980
14595207
14595245
14595353
14711491
1731311
14640448
14641125
5650042
14165162
14165170
14166096
14166235
12148952
14291940
14292607
14293266
14293310
15143937
15144237
15144635
15145034
16177777
16180686
4816
15913402
15914126
15914782
15914986
15915031
15915062
15915391
1849181
2095961
6618212
6519522
657333
14386354
14387275
14388082
29428516
29429554
16196902
15241751
15242250
15242920
15243812
15244229
2207861
5005361
15641097
15641791
15644202
15644999
208163
3911
10938962
399933
9676152
14196293
14196647
10340482
14457019
14510685
14523801
14526877
14529929
14541402
14546414
14872237
14990751
15169176
15843059
3362741
15317676
16112354
16112599
16113700
16114869
5829422
15657574
15658101
15659751
15659814
15659909
12975572
10274252
18745932
18746811
18747360
8850642
14744569
14745183
14745870
14746544
15976697
15978412
12811952
12455292
12480582
14731918
14732096
14732357
14733574
14733699
14733863
14734733
14734981
11139422
9404782
9405862
9405912
940631
9407562
4585541
14485447
14486811
9247252
14448642
14448899
1285001
15662654
15662838
15663407
15663679
15664175
15664281
11726152
11727972
8472202
5460132
5460392
15892940
15893365
15893379
14517884
14518584
14518714
15862440
15862891
15864446
4841331
16225240
16225445
16225563
16225955
16226386
16226427
16226930
10107502
10211472
10228272
7095492
13850422
18717137
18717943
18718638
18718676
18718737
18719771
18720099
9463752
14777491
14777901
14778126
10874182
10876852
1087701
14674941
14675433
14675685
14676022
5239891
14462255
14463322
14660652
14661764
14662354
14663464
14499218
14499829
14500608
8353042
8355082
16104345
16104602
16106584
16106608
16106619
13014742
14606079
14606678
3192451
15432175
15433228
1917731
8220042
13306152
13307032
14083815
14083939
14084173
14084846
14085040
14085096
6133772
6134882
31213
9235982
9237732
14967840
14969322
14970788
14183663
14183806
3815211
11635922
3426491
9739592
8026472
30973
14651396
15265990
15267117
7923512
10678292
14299508
14300419
14300444
14300933
14300941
14301074
14233868
14233899
14233941
14234323
14235078
14235279
14235332
14235543
14572509
14572802
14573384
14573900
14574380
8041872
7517222
15755669
1575581
15755832
15755995
15755997
15756056
6054912
12392442
12393132
12394212
6566722
6566922
15518000
15518054
15518489
15483126
15484116
15484198
11350892
16219502
16219504
1622051
16220513
16220555
16220934
3938311
14359235
14360719
15537167
15537451
15537849
15537903
16139049
16139649
16141102
15438213
15438913
15439100
15439395
15439777
776654
7768402
7768892
18753586
18754245
394613
15194013
15194242
15195171
15195837
11096152
11099982
15709240
15465170
15465403
15466386
7295452
11946772
4402831
5820082
14056125
14056813
10245552
14754376
14755081
14755492
14275624
14275918
14275926
14276679
611093
6110982
15674911
15674922
15675138
15675351
6831142
14587504
14588121
14588748
15364232
15364280
15366608
1994321
16073183
16075594
16076032
16077444
5490392
14955353
14955439
14955908
14955969
14956758
819051
8192222
15104107
11735652
12514212
14327439
14327615
5618832
1877831
14577516
14578290
14578312
14579415
14579605
14579710
15332636
15333818
15334345
15334638
6756822
16245822
16245840
16246426
16246688
814760
5321152
12886842
7366322
15872632
15874918
6062112
14685496
14685746
14685924
14686881
14687193
16062369
16064437
16064701
16064783
16065478
2150981
6438602
6439122
1196381
13390492
13393052
14426836
15475253
15476848
15479239
18738716
18740092
18741438
18716806
18734310
14391568
14077645
14078646
4413871
12538662
29483707
29484174
29484239
29484644
29488035
14857351
14857607
14857971
16250400
16252046
16252118
16252233
16252769
16252784
16254147
16254152
9706822
2252901
8015192
939091
9959702
12490532
12492072
14295896
14296273
14297038
14297098
13988772
13992132
13992642
15023872
5835762
5838002
5838072
14209746
14210021
14210636
14211141
4790881
778522
8411032
15788546
15788636
15789023
15790363
15790423
15791186
14283394
29445023
29446012
29446676
29450962
29451711
10466072
3551701
15290060
15290441
15290774
15291265
15291335
15292311
15292528
15292534
10929352
10930562
7710462
15383636
15383851
15384291
15384441
15385008
15919119
15920388
607833
972651
29402247
29403235
13338102
13594462
15523283
15524670
6273552
13250642
13251212
11891992
16125042
16126544
16127430
8508262
8509322
2340131
791635
5967972
5968272
13215382
13218102
6539112
6539592
6540642
12652472
12655952
12911512
12912542
12914062
3839
1162091
5977982
8216772
13236872
13241352
9632102
9633802
13451802
12568062
12572332
11430262
1143031
1143551
14353891
14354091
14354451
14629315
14703036
14703861
14704278
14705324
16087705
16087764
16087873
16088870
16088964
8110052
8110402
14870787
14871593
3116121
15188997
15189696
15190416
15299760
15306235
14567982
14568116
18593
15046043
15046153
15046787
15047521
15048846
15048908
15049017
11085652
11086342
16118799
16119233
16119298
16119703
16119842
16120227
18723356
18723501
18724209
18725209
18725359
18725815
5665472
3068271
3882701
12133382
14108472
14108832
14108955
15322638
15323815
3368721
679493
6297382
12749632
16146535
5308422
14188527
12599412
12599562
14864435
9329202
9330012
422743
13531162
8719302
16236786
16237766
16240267
16240930
5707672
35253
14363353
14364177
11775362
11775782
16132544
16133363
16133530
16327808
16328714
16329293
13294362
13294452
4969501
4970411
4515891
16297096
16297426
16297945
16298441
5909882
2201941
5396112
11344142
11344362
13612212
7683132
7684582
7684742
8999132
10545
4380591
5774442
5508672
11989052
1199121
5388102
5405822
1250531
4087871
29415141
29416283
29416653
29417304
29417370
14027452
8236782
8238522
11209
12
12000212
15108711
15109080
15109374
15109611
7400692
7400702
16337664
16338514
16339169
11759042
9824472
16153562
16155881
10668832
7304662
10626622
12446262
5225991
5260211
15460048
15460793
10945632
10946622
6287982
8308132
8308632
8309022
8309142
8397992
9940892
13201312
14319503
6246092
13783772
13784532
13784592
13784642
9757152
2195241
7950832
5267
11579122
5641952
15852417
15852861
15854730
14874637
14875152
9109712
5962432
11110862
15183045
15183336
15183391
12011422
12238742
12240002
6814772
754714
15066760
15066876
15344849
15345797
12624132
8626692
8628872
16046789
16047665
16047779
16048404
16049790
3405761
7636552
16080866
16081046
16082787
6450622
8515342
8516062
8517422
6039302
12700662
12701412
12703602
15378611
15380295
1278731
12790302
15309072
15309202
15309804
15311104
14984074
14985126
15686881
15686995
15687399
15687507
15687567
15687962
15688017
15688467
15339488
15339668
15340220
15340496
15341415
15341735
6309432
15587549
15588657
15590302
15691595
15691609
15692170
15444313
15444539
15445129
15445590
1962891
12677022
14136293
16031039
16031897
16031927
16031939
16032407
767
4717791
6461032
6463042
12664712
6190272
6265282
12089642
12092012
3602891
13096002
9419962
14634720
6141832
10735152
10735212
10735672
10736762
10736952
12413032
12413892
12414302
14395202
14395334
14395912
9612112
6005892
10864442
7215512
14882455
14882858
14882900
16000318
13414442
15157273
15157683
15158115
15158517
13918492
635773
6359662
8090632
15304100
15172601
15173253
15173361
5120691
5976992
14264295
14264922
14265347
14265807
4234581
4939401
5175311
5519172
5520952
55293
8204452
8205502
9027872
6120542
10239392
16190478
16190898
16191064
16192026
686803
6869482
807515
10911962
11522502
16094266
16095207
5564212
8892822
13375622
9411482
941401
11257382
11258252
13115682
13559342
14251256
14252533
14301286
16312001
16318114
16319888
16327256
8062692
1767741
11496802
8723522
8976532
15054112
7796802
779694
7798232
8048402
13804112
3168171
12303222
16343608
16343974
16345086
2340581
9782862
1268821
12689622
15470236
15490355
15491749
15604709
15605005
15606896
15608342
15927998
15929686
16036624
1769551
6883572
14724251
3713091
14112043
14112296
14112301
14112331
15763818
15763959
15764001
15764019
15764644
15764651
9855132
9855382
13346352
13347852
13430162
13465112
134693
1910771
3568411
7054522
7055802
8537222
9372732
9870782
11919392
1192
12548
14285046
3355281
7076492
7330642
738083
8232312
1178011
14833304
15210060
15210284
15210959
6024412
773940
773944
14273050
14274075
7087112
10977192
13045342
13046492
15733777
15734989
16211434
16230272
9604032
1303281
627893
717313
14335144
3646911
859571
8596022
8923182
13484142
13485872
9186442
14887893
14874480
14897840
14932455
14975122
14999880
15199808
15201021
15582562
15584187
15769327
15878120
15881055
15881468
15881875
16269995
16271798
16271952
6284972
6767432
8197942
10852102
10853252
11003812
11225192
13877002
14015912
15566901
15639696
15640986
15645093
15662428
15676578
15679641
15885633
15888142
1588841
18729547
18730188
18730191
18730762
18730967
18730977
4046891
5636712
6367162
8302532
7555262
7556392
14099719
14100010
14100619
14100751
15625377
15626350
15626479
10405
10407152
14824411
14824849
14824990
14826243
5282
8447362
10552772
11468242
7587032
7009202
8119452
9300262
505083
7641142
7641492
14835752
14836690
14837385
8211842
8213912
783982
7841202
890891
2146491
2254831
2256781
971761
11833202
15729027
15729815
4553061
6776952
13816152
13818792
13870942
4591161
770456
11671432
14758529
14758838
14759212
14759730
14760636
15833695
15834251
15834810
14810162
224
1234801
756632
7566722
11073562
16041234
16042210
16042794
16043308
3662331
4107251
14414217
2290181
6101002
7697762
7698032
15549032
15549109
15549306
7205252
12338142
7391432
739293
760654
7607262
12075082
12640502
13053492
5847962
5848002
10114952
13176312
14243046
14243746
15375209
15375434
3099501
14545637
14546264
5390772
6375322
7854042
7938852
10582442
12608042
3205981
8258432
7111232
14408571
14408705
14408711
14408989
14409293
14409825
662693
13023562
7004532
7424642
8462902
9973982
9997062
10094272
12061032
12315132
14230524
14306573
14306683
14306799
14307430
15532089
15532701
3934221
4937061
49793
5501072
5744062
7313362
8802752
9095292
9928972
12289052
12291122
15113565
15134782
15134795
15134843
15135214
15135567
15135675
15233098
15233342
15234407
15234657
16286820
16286848
16287324
16288269
16302242
16303106
13495832
13496142
14367719
14624190
14715075
14715430
14715573
14715582
14749606
14749971
14750305
14850190
14850840
14879825
14880359
15139258
15648399
15648529
15648656
15648827
2032411
14718218
14719613
14910533
14911067
14911337
14911418
5713842
12039612
12041932
7804722
6066602
7063882
7235452
7235612
9278102
15390381
15391102
15391226
15437852
8940342
8960432
15494380
15494962
15496316
16198940
16199340
16199882
16199886
16200585
16200666
14536352
15724503
15724700
15724718
15724880
5732872
6988452
6989452
14039192
11183682
1118691
11189732
14599545
15161452
15161622
15161625
16026917
16027675
16028034
16028049
29400899
15800869
15801023
14247715
14248002
14248226
14343019
4388791
14176926
5802762
5803082
14350830
14351392
5899392
59003
10007522
21723
420623
4954131
5218051
8832732
11928542
12405142
12470242
14114420
14495726
14496224
14496780
14645084
14645410
14739037
14739684
15425377
15425709
15426168
1774391
5649672
6018732
6018932
612473
621523
621533
7135912
813697
9317502
10292132
10292772
11042022
13403322
13573252
2328421
2881
4617361
7359642
7614292
76143
7631302
7658822
765929
775489
7778012
782210
782325
7849082
787678
7899892
790000
7900732
7900802
7966472
79543
796074
797792
8001112
7996082
15843498
15843988
5135521
14338170
16320734
16321634
16321818
16322112
16323682
16323697
6819772
6821132
10207502
10791192
12723412
14989462
15954704
5894372
5894902
15781879
15782216
15783601
14260960
10161712
786764
11688082
13134892
13385812
13387012
4244091
5378212
5418002
5392522
5406152
5582872
5577902
6324642
913381
9524062
9524342
10429832
12019422
12020082
14148802
15403079
15404821
15405249
15406575
15327722
15327996
15328174
14892330
15807363
15942753
15943068
608583
8493742
8493812
8691502
8771022
14797119
14797457
14797878
14801539
14801691
14802044
14791162
14803701
14810076
16166076
16264006
16265742
16266033
4727171
797413
7974382
9051482
14267606
14267944
14268564
15074642
15127178
15155074
29463883
29465136
29465190
29465954
5494392
5536782
7764332
8101752
811377
8117702
8544212
10638482
12993222
13320692
13663052
14151704
14679649
14679798
14680023
14680132
15248360
15248759
16172018
16172320
16186995
3250301
4018431
7117212
765285
14475663
14853904
15085605
15085627
19709133
5056521
14399483
14288691
14288733
5682962
5683242
29452021
29453529
29454198
29454668
7302852
12221852
12223
10126672
13226712
14582285
14583400
14583478
15821823
15821836
15822295
15822299
15823090
15991770
15992672
15993650
6531902
6532552
6532842
705213
8369072
12266442
14491411
14491414
14491794
15721256
15721456
15721946
15722535
18760928
29405906
29409786
29488489
10416
10419
6859342
15616294
3782931
3783761
4370261
6013852
6015212
9210392
11092842
5515452
13213122
10366142
6105292
6107422
6446742
759251
11562552
14960658
15371955
15372756
3497941
4170491
6174712
10657272
14994303
14994463
14994555
12434262
13184602
14221588
14221917
14222518
14222536
15636728
15637549
16099612
16100493
766658
13301912
6973732
6974622
6045952
6047522
14116807
14980174
14980634
14980820
14980903
15019391
15019821
15261182
15632759
15632977
2342011
4209511
5141011
5768872
6063152
6224432
6613972
8883212
9376652
10155172
10156602
10886182
12025372
12028352
12455252
12922082
12923032
13986352
14205646
14205679
14205680
14205836
14558189
14558240
16213124
16213242
16213339
16213375
16213404
16214545
1999731
29422823
29424309
5876652
6842342
11945512
12273062
14007532
8620662
13247182
14553288
14553875
14554889
15959852
15961174
12649752
11518842
1152011
14828367
14828860
14829346
15271509
15447337
15448102
15502950
15527888
15503337
15510386
15511919
742143
9139562
9509672
9510922
9534522
12101862
15964377
15965292
7376382
14765253
14765560
3534691
7087662
10069612
11800072
13148382
5476332
15983259
15983306
16136118
16137724
10742132
6516702
15560484
14304664
14304963
14312365
14312391
14312440
14312462
14312952
14139811
14140057
14341038
14341194
14357171
14357273
14357442
14357989
14358443
15629195
14436030
14436317
14436873
14449689
14450739
14450976
14549803
14550435
7309052
1728771
16311530
16311710
14762045
15640075
15640215
15640533
14848513
14897936
14898147
14898380
14898920
14949685
8273632
6576492
15146681
15147042
15204596
15204799
15204893
15205139
15205279
15205606
15205867
15217478
15217919
15225261
15225512
801206
15486896
16256705
16258124
13553912
14779869
14779918
15119958
15747177
15747313
15747316
15747321
15747570
15369276
15894470
3318311
15576018
15576928
15577097
15577108
15577224
15577562
1652541
15700906
15778550
15837417
15837659
15837905
15838036
11816412
16053405
16053594
10900372
15601001
370223
16224153
9624042
9624742
15840909
11859822
1186
11860002
11861192
14422253
14422341
5383942
10277482
9655032
14820509
14820788
15101583
29432489
7031152
7031872
16332119
16332223
16332305
16332498
16332522
16333302
9434482
1782991
7597712
1760561
15570902
1620511
16206688
10196452
10198822
14695352
14695985
5680622
62103
8969732
11988732
14090179
14090276
14090746
801754
8018342
15300388
15300520
7189352
29409988
29412015
29412312
29413015
29413347
29413497
1775731
16149207
16307090
10082812
12210492
15695654
1569621
16291934
16292696
14461032
14906077
15858184
15859039
817386
8174292
16159838
16160267
16160352
16160831
29441764
29442313
29442589
29444566
14711282
14711301
3983511
6730222
7470952
8795772
9451032
9695312
15032359
14331674
14331845
14332395
14332518
6381812
15463671
15463771
15464215
15829435
7712452
7713202
10715902
10716292
3283341
16010896
6997822
7239542
11134252
13961442
14159148
14256152
14923240
14923745
15285342
15286317
1766701
18755564
18756916
18757469
18757892
16021132
16022427
16052644
16086536
16089776
6705042
721703
812509
8557172
919161
1716581
11805842
11771692
6889982
6892002
16275044
16276054
1140451
9197562
9199732
8216872
12588712
8983712
16260506
16261200
16261627
6392972
6421942
15809249
15809522
15810008
15810606
8824902
8960722
8962112
11348282
11348722
8227822
783328
7833422
14602576
9677372
12500962
5920532
14861745
14511951
14512909
15946976
15947165
8078662
6599972
788524
788570
8878442
2067661
11599312
15025418
15027663
11680312
9805952
816653
8167772
14699789
14700117
14700316
14742504
14743052
14743962
14744246
14744312
10424112
12763482
12747382
6295922
10433782
7280572
29478607
29479000
29480081
724933
10950922
992031
12612432
12613452
5420692
1175221
14803917
14804570
57063
18752642
18753308
18753424
7152572
9290802
12579352
10438412
4898091
5222251
6135562
6135602
6135622
11388132
5827292
6042412
6364652
7125512
794808
7950242
8487622
9719842
10604742
106053
13009482
13010602
14049061
14055301
14059338
14060077
14060262
14454814
14503309
14503997
14808226
15097566
15097890
15251613
15253053
15253147
3197921
7397032
758144
7847192
7858122
7872292
797835
805797
811737
8159472
816178
8170292
8170912
6199592
13708782
13709152
14665491
14666705
16188292
16188518
16190305
7649082
11724142
